428500		A+	98	60
438512		C	61	60
453112		A+	97	60
470789		A+	99	60
555104		A-	80	51.5
568831		A+	93	53
602404		D+	45	57
607244		DR	0	0
668652		A	84	60
686241		D+	53	29
688584		DR	0	0
779580		B+	78	52
862454		INC	0	43.25
885386		D	44	60
900699		B	78	56.5
941020		A+	92	60
996186		A-	84	59.5
1001677		A-	81	60
1091302		C	60	54
1257240		C	57	55
1280642		A+	92	46
1289590		B+	71	59
1296396		C+	57	47
1375050		D	52	38
1379680		D+	56	55.5
1402342		B+	71	59
1464766		B+	70	59
1491264		B+	82	40
1493752		B+	79	60
1497856		B	72	45.5
1534030		B+	77	45
1536136		C	61	58.5
1540602		B	66	58
1542806		B+	79	40
1545554		DR	0	0
1549836		B+	74	53.5
1550066		A-	79	59
1552821		A	91	59.5
1555301		B+	73	52
1569626		A+	93	59
1587688		A-	80	55.5
1596856		C+	82	31
1601751		A	91	58
1609174		A	83	38
1609343		A+	96	59.5
1623050		C+	74	36
1632549		C+	66	58
1672470		A+	87	60
1697676		D+	49	0
1707674		C+	62	59
1710232		A	89	59.5
1716897		DR	0	0
1717958		A+	98	57
1718519		C	58	45
1723282		A+	96	60
1724192		A-	83	49.5
1726083		B+	66	60
1726430		A+	94	58
1731736		A+	88	60
1741360		D+	75	0
1743359		C	60	60
1747836		B	70	53
1755274		A+	94	53
1758360		A+	96	60
1768590		A	78	56.5
1773600		C+	66	58.5
1780068		C	58	45
1785330		A	83	60
1794026		B	68	49.5
1794810		D+	66	37
1811150		B	77	39
1814200		A-	79	46.5
1815138		C	60	56
1827848		A	91	54
1829070		A	84	59
1831780		A-	76	58
1844990		A-	75	56
1848273		B+	81	51
1849478		A	83	56.5
1852052		A+	93	48
1854256		B+	78	56
1867484		B+	78	56.5
1875108		B+	70	58
1877749		B	64	54
1879480		AUD	0	0
1881654		A-	75	55.5
1881734		A+	90	59.5
1927650		B	79	56.5
2125015		A+	84	60
2136236		A+	97	57.5
2222286		B+	72	55
2449942		B	67	56
2451386		B+	77	60
512101		A	85	56.0
549197		INC	0	0.0
573869		A-	94	47.0
609890		B+	76	58.0
743627		DR	0	0.0
811937		DR	0	0.0
822471		C	72	0.0
880942		INC	0	0.0
937222		C	52	56.0
1002382		A-	92	45.5
1012727		A-	83	58.0
1017759		C+	73	49.0
1020861		D+	63	51.0
1023109		C+	59	47.5
1068454		A+	89	53.0
1099769		A	83	47.0
1102381		F	41	30.0
1113173		C+	69	55.0
1251870		A-	78	59.0
1256241		A+	96	57.5
1266212		C	57	33.0
1295636		DR	0	0.0
1330287		B+	72	59.0
1350326		A+	89	59.0
1383648		A+	93	60.0
1406197		C+	76	42.0
1484735		D+	46	58.0
1500557		DR	0	0.0
1501093		A+	93	51.0
1509282		C	57	43.5
1512125		A	87	57.0
1512679		A-	78	60.0
1518619		A	84	60.0
1519093		D+	54	49.0
1538161		B+	76	59.0
1539525		B	78	33.0
1540121		A-	81	30.0
1540443		B+	73	48.0
1546125		A+	96	60.0
1548043		C+	70	55.0
1550119		A+	96	55.0
1551537		D+	54	53.0
1564809		C	62	53.0
1609334		C+	69	43.0
1613383		A-	85	43.0
1623675		B+	75	57.0
1654622		DR	0	0.0
1702697		B+	73	52.0
1723889		B+	85	37.0
1731175		A+	94	57.0
1731647		C	79	35.0
1734975		A	90	53.0
1738953		A-	75	58.0
1739113		A+	91	58.0
1740879		C	71	35.0
1742706		B	71	43.0
1743215		B+	88	39.0
1744063		B+	80	59.0
1745339		A-	81	55.0
1750581		B+	69	56.0
1750723		A-	84	59.0
1753677		B	73	59.0
1753757		C	62	58.0
1761855		C	79	27.5
1772843		D	50	60.0
1776420		C	67	56.0
1777376		A+	92	60.0
1795757		B+	87	51.5
1799478		A+	89	59.0
1800055		INC	0	0.0
1804088		B+	75	55.0
1810847		C+	68	25.0
1813283		D+	50	49.0
1819287		A	92	0.0
1823753		A-	82	54.5
1826661		B+	85	31.0
1834849		A	90	29.5
1834965		A+	91	55.0
1845114		C+	80	34.0
1845579		D+	60	55.0
1849691		A+	93	60.0
1865397		B	63	59.0
1871111		E	35	56.0
1877623		A-	84	57.5
1879088		A	84	60.0
1880815		A+	93	58.0
1888764		A+	89	57.0
1890145		A+	95	55.0
1896657		A	79	60.0
1904014		C+	76	36.0
1905004		A+	91	60.0
1907299		A+	96	59.0
1940341		A-	76	59.0
2086539		A+	93	58.0
2112181		A+	94	60.0
2124436		A	85	54.0
2124695		A+	90	59.0
2130991		C	60	37.0
2139787		A	95	60.0
2171919		A	84	45.5
2410803		A+	95	59.0
2411349		B+	80	50.0
2441986		D+	49	47.0
2451830		E	48	50.0