428500      59      60      57      94
438512      53.5    50      53.5    60
453112      57      58.5    60     100
470789      57.5    58      60      97.5
555104      53.5    53.5    58      76.5
568831      51      54      54.5    94
602404      50.5    50      59      71
607244       0       0       0       0
668652      55.5    58      54      79.5
686241      30.5    30      48      68
688584       0       0       0       0
779580      50      56      49.5    58.5
862454      48.5    38      0       62.5
885386      56.5    57.5    57.5    62.5
900699      53.5    31      29      62.5
941020      56.5    58      57      90.5
996186      55      58      50      66.5
1001677     54      22      58      82.5
1091302     48      43      50      52
1257240     45      46      55      65.5
1280642     57.5    59      57.5    94
1289590     49.5    37.5    55      74
1296396     49.5    39      59      81
1375050     44.5    41      54      46.5
1379680     51      58      57      55
1402342     47.5    58      45      82
1464766     52      57      56      81.5
1491264     37.5    44      43      69.5
1493752     51.5    53      57      63
1497856     46      56.5    56      66.5
1534030     55      55      44      79
1536136     45      45      51.5    61
1540602     56      56      48      67.5
1542806     39.5    47      41      68.5
1545554      0       0       0       0
1549836     42      49.5    57      75
1550066     51.5    49      56      87
1552821     54      60      14      81.5
1555301     54      60      54      64
1569626     52.5    60      57      92
1587688     51      54      55      75
1596856      0       0      20      81
1601751     55.5    58      58      75
1609174     53.5    52      56      89.5
1609343     53.5    60      59      89.5
1623050     48.5    30      36      60
1632549     53      59      59      53.5
1672470     55.5    53      57      98
1697676     30.5    41      57      64.5
1707674     51      56      58      67.5
1710232     41.5    54      50      79
1716897     12.5    0       0       0
1717958     53.5    54      56      89
1718519     50      47.5     0      69
1723282     57.5    53      60      89
1724192     45      47      56      87
1726083     52      57      58      83.5
1726430     58      60      55      96
1731736     58.5    59      58      90
1741360     0       0       56      41.5
1743359     52      50      54      58
1747836     41.5    50      51.5    64.5
1755274     49.5    50      58      94
1758360     57      50      54.5    98
1768590     53      59      60      95
1773600     48      38      58      60.5
1780068     52.5    52.5    33      64.5
1785330     50      49      60      86.5
1794026     42.5    56      52      76.5
1794810     25      42      44      39
1811150     48.5    38      45      68
1814200     53.5    57      58      87.5
1815138     46.5    54      55.5    63.5
1827848     53.5    0       53      91.5
1829070     52      56      57.5    87
1831780     44      49      54      81
1844990     37.5    51      58      86
1848273     47.5    59      44      69.5
1849478     58      58      58.5    90
1852052     55.5    51      58      97.5
1854256     37      51      58      75
1867484     46      56      57      64
1875108     45      44.5    55      76.5
1877749     44.5    58      57      74
1879480      0       0       0       0
1881654     52.5    57      55      79.5
1881734     56      60      59      96
1927650     47.5    37      52      51.5
2125015     58      53      59      95
2136236     53      52      55      95
2222286     53.5    58      59      72.5
2449942     55      54      55      65
2451386     52.5    57.5    47      64.5
512101	48.0	55.0	60.0	92.5
549197	30.5	26.0	0.0	0.0
573869	37.0	49.0	0.0	83.5
609890	46.5	42.0	58.0	77.5
743627	56.5	55.0	0.0	38.5
811937	0.0	21.0	0.0	0.0
822471	48.5	0.0	0.0	79.5
880942	51.5	0.0	41.0	80.0
937222	42.5	43.0	56.0	72.5
1002382	36.5	44.0	43.0	76.5
1012727	50.5	53.0	57.0	78.0
1017759	42.0	28.0	51.0	51.0
1020861	38.5	56.0	51.0	31.0
1023109	42.0	49.0	44.0	78.0
1068454	53.5	37.0	52.0	97.5
1099769	50.5	53.0	60.0	98.0
1102381	38.5	40.0	0.0	26.0
1113173	54.0	54.0	59.0	47.0
1251870	55.5	56.0	58.0	71.5
1256241	39.5	50.0	56.0	97.5
1266212	42.5	46.0	47.0	74.5
1295636	0.0	0.0	0.0	0.0
1330287	53.5	56.0	58.0	72.0
1350326	52.0	59.0	59.0	91.5
1383648	60.0	58.0	59.0	90.0
1406197	33.5	42.0	57.0	47.0
1484735	55.0	45.0	51.5	68.5
1500557	0.0	37.0	0.0	0.0
1501093	51.0	43.0	60.0	89.5
1509282	40.0	42.0	47.0	63.5
1512125	51.0	54.0	60.0	74.5
1512679	58.0	56.0	55.0	83.5
1518619	52.5	58.0	56.0	89.0
1519093	44.5	55.0	58.0	61.5
1538161	50.0	57.0	58.0	69.5
1539525	42.0	34.0	37.0	68.0
1540121	59.0	55.0	59.0	79.5
1540443	38.0	49.0	54.0	80.5
1546125	42.5	42.0	58.0	97.0
1548043	36.5	50.0	42.0	54.5
1550119	52.5	54.0	58.0	91.5
1551537	28.0	48.0	45.5	63.0
1564809	46.5	51.0	58.0	54.0
1609334	46.0	0.0	49.5	62.0
1613383	51.0	0.0	40.5	74.5
1623675	50.5	60.0	58.5	70.5
1654622	0.0	0.0	0.0	0.0
1702697	46.0	23.0	53.0	90.5
1723889	12.0	0.0	41.0	96.5
1731175	52.0	55.0	57.0	79.5
1731647	0.0	0.0	41.0	66.5
1734975	47.5	53.0	41.0	76.0
1738953	51.5	44.0	57.0	85.5
1739113	58.5	54.0	58.0	85.5
1740879	19.0	0.0	42.0	54.5
1742706	45.5	29.0	53.5	75.5
1743215	9.0	44.0	57.0	65.0
1744063	41.5	0.0	52.0	88.5
1745339	37.0	46.0	49.5	93.0
1750581	56.5	46.0	57.0	79.0
1750723	40.0	34.0	56.0	72.5
1753677	47.0	36.0	57.0	58.5
1753757	33.0	52.0	40.5	56.5
1761855	0.0	0.0	39.0	71.0
1772843	31.0	40.0	48.0	54.5
1776420	53.5	51.0	57.0	38.0
1777376	56.5	55.0	59.0	90.0
1795757	42.0	37.0	54.0	54.5
1799478	57.0	55.0	59.0	84.0
1800055	44.0	0.0	0.0	0.0
1804088	55.0	57.0	60.0	57.5
1810847	29.5	39.0	52.0	65.5
1813283	44.0	35.0	53.0	70.0
1819287	48.5	46.0	51.0	93.0
1823753	49.0	39.0	52.0	88.0
1826661	39.0	38.0	44.0	67.0
1834849	59.0	58.0	55.5	86.0
1834965	45.0	53.0	51.0	95.0
1845114	37.0	0.0	40.0	58.5
1845579	41.5	46.0	27.5	44.0
1849691	55.5	59.0	59.0	95.0
1865397	56.0	55.0	57.0	67.5
1871111	30.5	24.0	58.0	74.0
1877623	48.5	55.0	58.0	75.0
1879088	54.5	56.0	55.0	83.5
1880815	43.5	57.0	60.0	88.5
1888764	51.5	56.0	60.0	97.0
1890145	49.5	55.0	52.0	98.5
1896657	55.0	56.0	60.0	89.0
1904014	24.0	0.0	38.0	72.0
1905004	58.5	56.0	60.0	95.0
1907299	52.0	51.0	58.5	92.5
1940341	55.5	60.0	56.0	70.0
2086539	54.5	53.0	54.0	80.0
2112181	59.5	57.0	59.0	88.0
2124436	44.0	57.0	57.0	83.5
2124695	53.5	59.0	59.0	90.5
2130991	53.5	56.0	49.0	59.5
2139787	59.0	0.0	57.0	90.0
2171919	55.5	49.0	52.0	85.5
2410803	47.0	52.0	57.0	92.5
2411349	40.5	43.0	52.0	72.0
2441986	50.0	54.0	45.0	63.5
2451830	38.5	38.0	53.5	47.0