428500 8.9 9.5 12 12 17 34 A+ 
451272 7.6 3.6 9.25 10.05 10.2 16 E 
470133 9.2 9.5 10 11.5 8.5 26 B+ 
512101 8 8.3 7 8 13.6 26 B 
544217 7.8 9.5 4 3.22 8.5 16 E 
555104 8.1 9.5 10.5 11.65 15.3 32 A 
743627 9.4 10 7.95 9.75 8.5 26 B 
779580 7.7 6.4 6.72 11.25 8.5 32 B 
862454 8.6 0 7.03 0 11.9 0 ? 
937222 6.5 0 2.5 3.45 15.3 30 D+ 
996186 7.7 4.3 10.05 6.92 8.5 24 C 
1001677 7.7 8.9 5.6 9.85 11.9 26 B 
1020861 9.8 3.6 9.95 7.7 10.2 18 E 
1091302 7.6 9.4 10.25 5.6 6.8 28 C+ 
1251870 8.7 7 11.25 10.25 10.2 22 B 
1256241 7.8 10 8.8 10.75 17 36 A+ 
1280642 9 10 11.37 10.5 13.6 34 A 
1285380 8.7 10 8.85 7.45 10.2 24 B 
1289590 8.5 7.1 10.5 8.35 8.5 24 C+ 
1296396 9.2 7.9 7.55 9.45 13.6 16 E 
1330287 6.3 9 10.35 10.25 17 22 B+ 
1379680 7 9.5 9.7 8.75 8.5 32 B+ 
1383648 9.7 9.6 10.7 11.5 20.4 32 A+ 
1389875 8.5 8.6 11.2 8.6 5.1 16 F 
1439713 7.4 7.1 6 1.95 3.4 4 F 
1484735 7.8 0 6.45 7.93 13.6 28 C 
1500557 4.65 5 0 4.25 15.3 32 C 
1501093 8.7 5.8 7 10.55 17 32 A- 
1512125 8.6 8.1 11.55 10.55 13.6 22 B+ 
1512679 9.4 10 9.2 11 6.8 26 B 
1519093 8.4 8 7.15 8.75 11.9 8 F 
1540121 8.8 10.2 11.2 11.5 11.9 30 A- 
1540602 8.4 2.5 7.2 4.49 15.3 28 C+ 
1546125 8.6 9.5 10.85 11.5 17 38 A+ 
1546884 8.8 9.5 10.1 8.14 17 34 A 
1550066 8.9 7.5 11.75 9.15 13.6 28 B+ 
1587688 8.3 9 10.15 9.85 8.5 22 C+ 
1596856 5.8 0.9 7.65 2.85 11.9 30 C 
1609174 7.4 9.65 10.2 9.35 13.6 20 B 
1623675 8.8 10.1 5.75 7.05 10.2 30 B 
1672470 9.2 10 11.6 11.25 15.3 24 A- 
1697676 3 6.5 10.8 5.7 10.2 20 D+ 
1702697 8 6.9 6.97 10 18.7 34 A 
1710232 8.7 8.9 6.95 9.65 15.3 30 A- 
1716897 6.05 0.6 0 0 8.5 14 F 
1717958 5.5 8 9.8 11 17 30 A- 
1723282 9.5 10.5 11.9 10 10.2 32 A 
1724192 7.9 7.45 9.95 9.9 11.9 30 B+ 
1726430 9.6 9.6 11.8 11 18.7 34 A+ 
1731175 8.7 5.4 8.8 11.5 17 32 A- 
1731647 0 0 0 1.04 10.2 28 F 
1731736 8.9 10 11.7 10.25 11.9 32 A 
1734975 7.75 5.5 7.1 11.5 13.6 26 B 
1738953 9.5 4.65 10.45 10.15 15.3 28 B+ 
1739113 8.8 5 11 9.85 11.9 30 B+ 
1743215 4.65 5.9 5.35 0 17 30 C 
1743359 8.3 9.8 11.1 7.14 11.9 16 E 
1747970 8.5 0 7 0 17 34 C+ 
1761855 5.5 9.1 0 0 18.7 26 C 
1768590 8 9.9 11.5 11.25 8.5 32 A- 
1773600 6.6 10 7.35 10.2 10.2 22 C+ 
1776420 9.5 7.5 7.95 10.4 11.9 28 B+ 
1777330 7.8 7.6 5.65 9.25 10.2 22 C 
1777376 9.6 9.6 10.45 11.5 13.6 34 A 
1785330 9.2 10 11.15 10.25 13.6 28 A- 
1794026 8 4.6 8.75 9.35 11.9 20 C 
1799478 8.7 8.3 10.9 10.25 10.2 30 B+ 
1805862 8.55 9.5 10.42 10.05 13.6 30 A- 
1810847 5.1 5.9 5.9 2.54 13.6 28 C 
1811150 7.7 9 9.35 10 13.6 28 B+ 
1827848 6.7 8.3 11.35 10.09 15.3 28 A- 
1829070 8.2 10 7.15 7.9 11.9 22 C+ 
1834849 9.6 9.1 11.5 10.3 18.7 30 A+ 
1834965 8.9 10 10.75 10.15 15.3 28 A- 
1844990 8.7 9.2 10.8 12 13.6 26 A- 
1848273 9.1 5.3 7.3 3.5 10.2 22 D+ 
1849691 5.6 9.5 11.7 11 18.7 34 A+ 
1852052 9 10 10.9 8.95 17 32 A 
1867484 8 10 11 7.8 11.9 30 B+ 
1871111 5.4 5.3 7.6 4.62 3.4 20 F 
1877623 8.2 9.1 6.2 8.4 18.7 28 B+ 
1879088 8.9 7.7 9.6 8.44 10.2 36 A- 
1881734 8.2 9 10.6 8 10.2 36 A- 
1888764 8.5 9.4 10.05 9.65 17 38 A+ 
1896657 5.8 8 9.62 5.54 11.9 32 B 
1907299 8.4 9.1 10 9.25 18.7 34 A+ 
1940341 8.1 10.2 6.7 12 15.3 30 A- 
2086539 9.1 5 11.75 8.25 13.6 32 A- 
2094361 8.1 9.3 9.6 9.75 20.4 32 A+ 
2112181 8.1 9.1 10.9 12 13.6 34 A 
2136236 8.4 9.6 11.42 11.3 13.6 26 A- 
